6667
1534
9412
4534
5590
9789
8289
9967
8512
9290
7701
278
5189
6101
8267
9878
8389
8701
2223
901
234
1712
9534
3834
9845
2490
9923
9001
1967
6401
9389
8223
6334
6823
212
6734
9089
5023
6723
4845
8001
7078
8334
2190
6512
7256
7923
1489
2967
6934
867
5689
1745
3878
1556
8123
3112
4367
4234
878
7223
6389
4056
9145
8667
8589
2956
4790
3867
5978
689
7989
1289
334
6456
5767
4189
1689
5234
4156
2845
3356
8089
5690
1345
2412
4278
6267
8190
2901
5312
3367
5890
90
4045
2401
3245
5067
7790
2912
4867
6189
9190
4634
1701
1089
9023
2589
4445
7234
9556
1634
223
1667
8990
6323
6912
2445
5834
8323
3812
9756
9467
190
2090
1656
6167
5012
1245
2745
1278
6523
4223
5501
1590
6578
9078
8967
4078
4001
7034
6845
3923
9956
3489
4967
7834
3378
189
9901
8689
4378
2578
6356
6134
9167
9012
6834
2689
4178
4767
3967
2989
3090
6890
6778
9978
3445
589
5567
1034
8178
1845
6223
8867
6789
7523
6301
7978
4834
156
7623
7456
7190
6634
1901
8345
5478
6589
3145
2512
6001
3178
3701
5789
145
7734
3334
3323
6645
34
9990
7778
4545
7412
5923
4289
1334
1078
1189
3034
8556
3089
2167
9490
6067
3345
8812
6478
7712
1601
3134
6278
6245
6434
4901
2323
4990
5256
7945
4412
3945
656
9289
167
8712
1101
6490
9456
6112
8301
5678
8923
6889
7967
8567
667
9512
6545
2367
6590
1123
8312
8012
8545
3078
423
9067
2156
7301
1990
1923
7134
5323
3190
8078
6690
578
2012
5378
3567
1389
9134
3467
5434
4656
5412
4956
8578
9156
8634
501
912
4012
9778
7101
4701
4290
3412
5756
4312
4690
8756
8978
2101
7389
5778
8956
3290
3634
5912
4401
1578
3501
7856
7801
9690
5390
3189
4101
2112
7089
5601
478
3045
9045
8612
3023
7956
4489
7323
323
8456
8145
767
1156
7245
5967
9245
7890
834
5934
5634
5056
9056
3523
2523
923
8067
3589
3723
201
4512
2456
5490
3156
2234
5112
6178
3612
4578
2778
9867
545
5723
3912
8534
7390
8212
2634
5878
2267
3901
6089
9945
3001
1412
5623
2890
2690
3790
256
6756
1323
2801
4667
5167
9267
45
645
2923
8767
5345
1067
1178
6923
6412
1312
3301
8934
6034
6801
9323
8378
1723
1267
7645
8823
8734
9401
7501
6156
8434
7689
489
9678
5267
2723
7589
2312
8112
5734
5667
3056
9478
3434
7812
9590
1567
1234
8056
3889
6012
412
5445
9212
5367
134
2078
2556
2945
3423
9278
1756
9567
7345
7189
4889
390
4856
5945
3667
801
6312
7090
5190
3478
712
2345
7578
4601
9723
567
5489
623
4501
3990
2423
1290
7178
7001
9701
8690
7201
6145
5467
7123
2389
7601
2534
401
4878
5889
5845
4434
5589
9256
2856
445
2612
2434
7289
4456
9334
4201
123
490
9745
4890
2734
8501
956
8723
6212
1145
6901
7690
9623
9367
7023
7156
3556
8423
845
5001
778
2601
6256
6423
6612
1934
5301
9790
789
2089
1801
8623
9234
4523
934
4712
9823
23
2212
3012
1834
7290
2667
6767
3689
9767
6501
9423
4923
3534
1767
8167
2334
3978
7490
1223
2278
8945
3212
9934
9090
1878
2034
5078
8189
7445
5201
8834
7167
5512
5656
8856
1445
5745
5089
6289
2045
7634
3601
8656
7434
3823
5712
4345
1401
4145
1734
9634
1501
2790
9390
1434
989
6378
1789
2245
7867
790
4734
5278
6956
2467
5290
6701
6712
4945
5823
4689
2623
5156
2123
4356
1212
6201
5578
9656
3456
7334
4978
3312
5956
2867
5212
1467
556
3934
634
6656
512
6978
1001
8478
8989
5556
5423
6856
1201
523
7267
6090
5401
67
4590
4490
2290
3201
2145
5101
289
2378
4112
1889
9434
9612
4556
8278
690
7212
7512
7378
8645
4801
9589
3690
8490
3267
3590
4745
4067
8801
5990
6601
1378
8878
9378
5034
1978
4423
2756
7112
7423
7756
2501
267
112
756
8523
7789
7012
890
3490
3845
1778
2978
178
8489
5389
2201
2767
3856
2823
590
856
3767
745
9112
9545
7990
2023
1912
1
456
7278
1167
9356
9189
9489
8090
5989
3712
1545
8790
4678
1256
5289
7401
6190
5545
5145
734
2645
9223
4567
9812
6367
2590
6990
2889
6290
5456
2990
1989
7145
889
8745
367
6345
9178
3578
4778
1589
6812
5245
4267
6989
9501
601
8045
6945
5523
3123
945
6445
1645
6567
1523
1045
1690
5178
9989
1023
3656
434
2545
2356
9301
56
5901
6745
3956
9712
1945
345
1012
6023
9123
8034
6534
2934
4301
7912
7901
2789
8367
5123
5645
9890
5534
5334
2834
4334
6390
6678
8356
4034
3545
7045
1134
8256
7567
2489
1190
9445
2056
9645
312
6967
3390
5867
701
4134
2178
5812
7312
1112
4023
8401
5701
9834
2567
9801
1890
1456
7934
467
9034
9689
3734
3989
9101
678
12
8601
89
3234
3167
9889
9523
4123
4167
8390
4934
6467
7356
9201
4478
9578
5134
1301
3278
8789
9912
6123
4090
9734
8101
4190
290
4623
7478
6489
6689
3678
3256
8134
356
1423
1812
78
8156
5801
4245
5090
4645
7745
378
7878
7467
1823
812
4256
4089
7656
8445
3801
8201
6623
2067
7845
1856
2478
612
9856
9601
8778
9345
7678
8901
2001
8889
6234
1867
8678
3389
1390
3067
301
2878
4389
1612
8845
8023
6078
8590
7367
8290
3745
4812
3512
5856
5790
245
2656
3778
4723
6878
5612
7667
3401
2301
9312
3101
7823
2812
7067
4912
6867
3756
1623
2390
2678
2189
3890
2256
2134
7723
8912
990
8467
8234
3623
6790
9667
7556
1678
8412
1356
3223
7612
7767
5223
1790
1490
6056
4323
4212
6556
2712
4612
7489
7534
6045
389
1512
4989
723
4789
3289
8890
3645
4467
4390
101
7590
1090
967
2701
1056
978
7889
823
8245
4823
4589
2289
3789
7056
1367
1956
4756
534
5356
5045
7545
1478
