4230424
4790480
8820883
1440145
5180519
7870788
4740475
8800881
4140415
9880989
4450446
3860387
8940895
4120413
9980999
2590260
9840985
9290930
8460847
5770578
5050506
4400441
5640565
3520353
1870188
2500251
9050906
7620763
7450746
2880289
7180719
6560657
650066
2870288
2170218
230024
8030804
1630164
3640365
9870988
9640965
4100411
1920193
9460947
1970198
7880789
3180319
5760577
9810982
9830984
1180119
320033
5970598
9740975
7330734
8790880
530054
9310932
1020103
5240525
3040305
4970498
7060707
4710472
1270128
6190620
3080309
1940195
3650366
7250726
4870488
2220223
7710772
3140315
5900591
4890490
4110412
2760277
2690270
2560257
7460747
7500751
3610362
1430144
8860887
5170518
4830484
9560957
8110812
9890990
7560757
8750876
3230324
7310732
1000101
6850686
5060507
2100211
7360737
3110312
2650266
3120313
6230624
8710872
3790380
9760977
1370138
3460347
8700871
5890590
6540655
1460147
4570458
5720573
3970398
750076
1730174
5390540
8330834
7390740
9200921
9330934
1320133
3690370
6720673
300031
3370338
540055
7490750
3880389
5250526
2550256
6520653
7370738
9940995
9991000
8810882
8550856
8510852
5820583
5160517
710072
6620663
6460647
2730274
6500651
5090510
200021
9480949
1860187
1620163
3720373
5410542
3350336
1220123
90010
1980199
6400641
5740575
5930594
6310632
7420743
2540255
2820283
5530554
8000801
2940295
8050806
5710572
6450646
7580759
1080109
2350236
7410742
7070708
9120913
490050
3830384
2320233
9950996
3330334
7290730
8310832
2000201
5230524
3840385
1140115
8150816
3930394
1100111
7950796
5810582
8240825
4770478
550056
4730474
960097
6440645
1060107
9670968
5840585
120013
6760677
9340935
3980399
8730874
3940395
3900391
2640265
4430444
4510452
7220723
6490650
7860787
5130514
810082
3050306
7230724
5920593
6930694
4680469
6020603
2090210
7890790
5490550
3570358
5110512
5980599
2530254
8130814
340035
1750176
4440445
2570258
9790980
1200121
2790280
8540855
1010102
6870688
9210922
6590660
5150516
8070808
80009
970098
8430844
5560557
1130114
5400541
3420343
6340635
1830184
6330634
5510552
3800381
4910492
3540355
2250226
5590560
7480749
7080709
4960497
5030504
8870888
3660367
1050106
7540755
4370438
6200621
6640665
5440545
7050706
9610962
5630564
2280229
6180619
5340535
2040205
3560357
9570958
330034
3530354
6960697
9000901
1670168
5480549
3200321
8900891
3160317
990100
2510252
5790580
8020803
510052
2240225
3740375
5310532
7990800
3010302
3360337
9540955
7850786
8910892
8630864
8650866
9660967
5280529
4240425
1840185
8090810
7320733
7690770
7030704
6740675
5100511
2200221
1810182
1380139
2180219
8390840
3150316
8230824
7640765
2070208
2910292
1540155
700071
1660167
6080609
9410942
7600761
870088
3490350
8210822
150016
8060807
6360637
6410642
4470448
4660467
5200521
5070508
8960897
3380339
1420143
1740175
8780879
8760877
7090710
5550556
2160217
4200421
3850386
1720173
7970798
1330134
3300331
6550656
9010902
8270828
1410142
7810782
3710372
4060407
8200821
450046
3550356
8840885
1280129
8450846
9700971
7350736
4190420
1680169
3270328
220023
7920793
7340735
9110912
3700371
8170818
3340335
1890190
2710272
2480249
5860587
9320933
5800581
9030904
4550456
40005
9720973
1120113
5600561
9690970
1240125
680069
8350836
5260527
8040805
2330234
2680269
8250826
8920893
7530754
4800481
8140815
9170918
1580159
4160417
1700171
1170118
2580259
140015
5940595
6910692
5700571
8590860
830084
8360837
7440745
6750676
6950696
8500851
3220323
7770778
4720473
910092
6110612
9090910
8380839
5360537
3210322
4640465
4260427
8120813
3950396
4840485
8830884
5990600
8600861
5660567
670068
8890890
1570158
9130914
4320433
730074
5140515
720073
1400141
2670268
360037
7240725
3500351
8980899
4760477
4520453
160017
9510952
3580359
3280329
2430244
2300231
6800681
5430544
5450546
2030204
7630764
9620963
1610162
3510352
6060607
9360937
630064
260027
5520553
2380239
860087
2110212
6690670
3810382
9860987
9920993
9240925
4590460
7520753
690070
8260827
2750276
2770278
3760377
470048
8520853
2140215
5780579
9040905
9180919
7280729
8560857
3590360
6260627
8580859
6280629
4990500
9730974
2890290
4620463
4980499
820083
8160817
4360437
3890390
1820183
7170718
8180819
2410242
770078
270028
1310132
2990300
7260727
4750476
3440345
9150916
9260927
4080409
580059
4820483
1800181
4610462
5730574
4090410
3130314
5080509
1950196
6030604
5000501
3290330
6860687
570058
9550956
3400341
5870588
1530154
1550156
2290230
1640165
6880689
7780779
9850986
5830584
6650666
5680569
890090
3770378
1510152
1190120
840085
5540555
2050206
2780279
6990700
3250326
2120213
10002
2950296
480049
4390440
6070608
8770878
30004
9420943
9450946
9520953
9770978
4300431
2450246
7380739
7550756
4220423
2310232
1160117
7800781
6530654
7650766
9530954
8480849
4560457
560057
1650166
3310332
1520153
5570558
3260327
6470648
9230924
7740775
6380639
2860287
400041
4810482
6150616
9750976
930094
7100711
2740275
9800981
6270628
6160617
4410442
1600161
2840285
1850186
250026
9370938
210022
5320533
9650966
780079
9350936
2460247
5040505
6900691
5910592
6660667
8400841
5380539
4000401
6240625
8440845
8280829
4460447
9600961
880089
8660867
3070308
7610762
390040
8990900
8080809
7270728
4070408
3090310
4780479
8300831
4880489
190020
6040605
6480649
4330434
2600261
9900991
4490450
740075
9300931
2630264
5210522
3410342
3240325
3730374
5950596
8010802
2440245
5020503
5670568
60007
4130414
2260227
7900791
5270528
5220523
4270428
8370838
20003
3600361
5460547
2080209
5350536
4900491
3030304
3680369
7750776
4690470
6350636
9590960
6920693
8530854
7830784
5290530
1150116
9220923
6840685
6050606
600061
6710672
6370638
9390940
1900191
6390640
1480149
4940495
6000601
5500551
760077
2130214
430044
1300131
7020703
4180419
9070908
1470148
370038
2360237
640065
1880189
9910992
7110712
9440945
8570858
4700471
6300631
170018
2420243
8620863
2660267
6430644
7700771
6770678
6140615
50006
1770178
7940795
9280929
7910792
1560157
9430944
240025
9380939
2190220
1290130
3620363
7510752
5610562
790080
800081
6970698
7040705
2370238
9780979
4250426
70008
4170418
8850886
4150416
3470348
2210222
7760777
2800281
6630664
6730674
6680669
2900291
7820783
1250126
5190520
5690570
1360137
8190820
8320833
3960397
1990200
1710172
8640865
440045
590060
7300731
1490150
6820683
7680769
2700271
7730774
900091
3190320
9470948
6580659
5470548
7010702
1210122
8670868
6210622
2390240
7120713
9970998
6170618
7790780
9680969
4580459
1690170
6090610
5010502
1110112
5370538
2810282
9020903
2960297
620063
7150716
7980799
6610662
1590160
6120613
6780679
9140915
5650566
7960797
4280429
180019
8880889
500051
7430744
9580959
9060907
8490850
4040405
6790680
9710972
3430344
7470748
8290830
2980299
1230124
2970298
8420843
3480349
5580559
6130614
1930194
2920293
4340435
8740875
9100911
7720773
280029
3170318
3320333
2610262
7200721
3060307
5880589
9400941
2060207
1910192
3450346
9490950
9630964
460047
5620563
4950496
1450146
8970898
4210422
2620263
7000701
3100311
3750376
110012
3000301
3670368
3990400
3920393
290030
1260127
8100811
1340135
6600661
8340835
520053
8720873
2470248
2490250
130014
5420543
9820983
6890690
1
3780379
1030104
4290430
6290630
4020403
8690870
1040105
4630464
100011
1500151
7570758
8610862
2720273
610062
1960197
5850586
9960997
9160917
2230224
1350136
2010202
5750576
7190720
2400241
6010602
3820383
3910392
7670768
4600461
410042
9190920
6980699
350036
4310432
2020203
9250926
3390340
8680869
4050406
8410842
4500451
6100611
2340235
4930494
8950896
6320633
3020303
6510652
2520253
1780179
7140715
850086
2270228
7590760
980099
6940695
3870388
4380439
7840785
2930294
8220823
6250626
5300531
940095
7210722
4530454
4030404
5960597
4670468
660067
6830684
4650466
4420443
5330534
6420643
4010402
4350436
4540455
6670668
920093
1090110
5120513
1070108
2830284
3630364
4480449
7130714
9500951
1790180
6220623
1760177
6700671
950096
4920493
7400741
380039
310032
1390140
4860487
7930794
8930894
6810682
9270928
8470848
9930994
420043
7660767
2150216
7160717
9080909
4850486
6570658
2850286
